1000 1000
14 1 8 9 15 11 2 14 8 10 5 6 7 1 10 11 6 9 6 15 11 7 4 2 11 3 9 11 10 11 14 14 11 3 7 12 9 7 3 15 6 5 15 15 4 9 1 8 6 8 8 14 12 4 6 5 9 14 10 6 11 12 9 8 13 15 7 10 11 7 12 11 4 5 2 13 3 3 11 12 9 10 1 9 3 13 8 2 13 13 10 5 1 7 10 7 2 6 1 9 13 9 13 11 1 8 13 13 9 11 14 1 7 11 13 4 5 7 15 9 1 3 2 6 3 11 12 1 2 7 13 11 2 10 12 9 4 14 1 3 2 2 6 15 9 14 8 10 4 12 12 6 11 6 15 13 15 15 8 10 9 12 14 3 7 13 8 3 8 5 1 14 9 1 7 5 11 14 7 10 3 8 9 15 12 14 11 10 2 13 2 8 11 6 10 3 14 9 2 10 15 11 14 13 4 7 1 13 9 2 12 9 8 9 15 9 7 15 7 8 6 7 6 2 10 12 14 2 2 4 8 8 8 2 13 4 2 3 6 2 10 6 3 12 2 7 14 3 7 3 9 10 10 5 8 11 4 9 11 1 1 7 14 6 14 4 12 6 14 5 7 11 6 6 2 12 5 3 11 3 5 6 8 3 11 11 3 14 8 14 1 2 6 6 2 1 12 12 14 2 9 3 7 10 7 7 2 14 9 5 5 8 12 2 6 9 9 4 6 2 4 10 11 14 4 11 1 4 12 7 13 12 5 5 11 13 10 10 9 10 12 12 11 13 14 15 7 12 9 13 14 7 14 10 15 8 5 8 7 3 1 1 2 9 8 3 2 2 4 15 2 10 3 7 12 13 8 12 12 11 2 13 13 10 15 8 3 15 8 6 6 4 11 10 1 8 11 3 8 5 11 1 1 2 10 2 2 4 5 13 10 15 12 11 9 15 10 11 8 2 14 13 1 13 6 3 10 13 4 5 5 2 11 9 1 10 14 7 2 8 3 13 12 9 8 2 11 4 12 7 2 6 3 10 6 11 15 4 11 13 12 9 12 9 9 3 2 15 9 2 3 11 13 10 3 3 14 10 5 6 1 4 6 1 1 5 6 6 11 8 13 1 12 4 2 7 15 13 15 1 15 10 12 8 1 4 1 2 7 4 15 9 11 3 5 6 3 6 12 12 2 12 13 6 7 6 8 9 7 4 6 9 4 13 10 10 12 15 6 13 10 11 11 4 2 5 9 6 4 14 3 1 5 4 15 5 9 11 8 7 8 2 3 7 3 2 7 3 13 4 8 14 2 5 13 12 8 15 5 4 3 6 10 13 8 3 14 9 10 1 3 15 8 9 11 11 2 8 12 2 8 14 2 10 4 13 12 9 10 14 15 3 15 8 8 11 8 6 9 3 11 2 3 3 11 8 2 9 1 15 13 5 10 6 1 15 7 8 12 1 11 9 4 5 15 14 2 5 2 11 8 13 15 11 7 6 13 12 10 2 8 14 1 1 7 8 8 11 5 6 4 14 11 14 8 14 3 15 10 5 12 5 7 14 14 14 6 13 7 4 3 8 14 1 10 15 13 15 11 15 12 8 13 13 7 1 12 6 13 11 13 5 9 9 12 12 3 2 7 1 3 10 11 7 3 1 2 3 5 8 11 15 10 7 2 7 13 12 9 11 10 4 7 6 5 15 15 3 10 9 5 6 1 13 8 3 3 11 8 13 14 13 9 5 14 11 6 6 5 8 5 1 10 10 15 11 12 3 10 13 6 6 8 14 2 3 14 6 4 9 9 1 14 3 11 15 13 3 3 11 4 13 7 9 11 4 7 7 10 1 11 13 3 5 5 3 5 13 8 9 15 5 6 6 15 1 12 3 14 15 11 12 9 14 14 14 13 4 12 15 6 1 13 2 12 4 14 3 10 5 9 12 6 15 8 7 6 10 8 3 3 15 5 12 7 15 11 3 15 13 2 8 11 2 14 1 7 6 3 13 15 15 15 5 1 2 11 15 6 13 2 1 9 9 11 14 3 2 3 12 12 6 14 3 2 10 11 3 8 3 10 5 4 13 11 4 9 10 14 9 2 8 14 4 9 8 13 13 12 5 5 9 15 14 4 14 6 11 2 7 5 8 15 13 15 1 13 9 10 2 3 2 15 3 5 4 11 2 8 5 11 8 10 2 13 14 3 11 10 4 1 10 6 15 1 15 12 9 3 8 2 11 14 6 8 2 14 11 6 7 3 2 9 11 13 15 4 3 5 12 
3 727 982
1 667 4
1 44 7
3 931 933
2 932
1 137 3
3 654 870
1 968 3
3 277 941
2 934
1 559 8
2 420
1 931 6
2 352
2 504
2 145
1 502 4
2 812
1 641 11
3 819 827
2 920
1 475 7
1 149 5
1 49 12
3 766 816
3 532 957
1 60 7
2 917
3 606 936
3 88 237
1 635 12
3 331 521
2 544
2 189
1 952 14
3 953 975
3 55 819
2 166
3 435 692
1 411 13
3 317 962
3 583 661
3 45 764
2 244
3 995 1000
3 254 984
1 755 12
3 30 130
2 913
3 675 757
1 50 10
1 117 12
1 930 6
2 299
3 861 880
1 541 7
3 821 922
1 813 9
2 152
1 843 12
2 278
3 47 427
2 739
1 483 5
1 676 7
2 696
2 949
3 164 801
3 426 960
3 470 480
3 884 928
2 50
1 525 15
1 587 5
1 849 8
3 99 870
1 288 5
1 214 5
3 872 926
2 481
3 671 998
2 962
2 602
1 534 2
3 643 922
1 305 14
3 193 794
2 399
1 312 8
3 899 920
3 160 914
1 453 5
2 116
3 74 537
2 759
2 204
2 431
1 697 3
3 270 421
2 423
1 843 8
2 346
3 395 673
2 728
3 125 160
1 447 7
2 764
3 326 767
2 459
2 330
2 417
3 176 478
1 84 8
1 209 9
1 841 3
3 153 169
1 548 3
2 3
2 1000
3 51 378
3 569 646
2 630
1 429 12
3 115 415
2 505
3 510 640
1 828 3
3 934 948
1 146 5
2 673
2 314
1 856 7
1 732 11
1 325 4
2 165
3 35 807
3 702 785
2 41
3 535 897
1 203 8
1 631 8
1 727 13
2 338
1 792 12
1 385 9
3 75 124
2 239
1 804 12
1 488 4
3 975 999
2 368
3 537 856
3 190 290
2 294
1 892 2
2 836
3 133 578
3 20 737
2 450
2 361
1 125 10
3 373 580
2 637
1 760 13
3 176 993
3 300 699
1 957 9
1 245 15
2 366
1 979 12
2 153
3 985 995
1 362 6
1 491 3
2 178
2 682
2 32
2 638
3 971 1000
3 105 908
2 430
2 240
1 736 4
1 553 13
1 265 7
2 839
2 900
1 884 3
1 378 11
2 333
2 521
2 291
2 671
3 709 803
1 804 9
3 887 898
2 623
1 676 7
2 496
2 73
1 516 12
1 454 13
2 999
3 397 957
3 289 511
1 811 10
1 624 11
2 2
2 729
3 571 954
3 310 369
2 349
3 849 986
1 625 15
1 668 13
3 989 994
1 865 8
1 733 10
3 163 243
2 850
3 776 869
1 712 3
2 216
1 635 3
3 349 412
2 90
3 713 725
1 762 3
2 506
2 491
3 751 906
1 843 4
3 29 91
2 72
3 314 379
2 557
2 293
1 91 3
2 866
1 861 8
3 925 930
3 983 990
3 130 211
2 971
1 995 13
1 421 4
1 582 6
2 508
1 778 6
3 730 937
1 83 1
3 110 402
3 280 648
2 183
3 189 369
3 78 968
3 777 954
1 322 5
1 797 9
1 856 11
2 895
3 305 762
1 58 9
1 839 12
3 111 782
1 514 12
1 540 14
1 465 6
1 880 12
3 368 581
1 371 6
3 857 911
3 203 294
3 307 873
3 831 944
1 433 5
3 608 862
1 393 10
2 773
3 954 978
2 807
1 787 4
2 174
3 574 741
1 244 15
3 968 973
1 555 12
2 614
3 996 997
2 527
3 777 901
3 530 766
2 991
2 562
3 966 998
3 462 495
2 64
1 722 3
2 190
2 802
1 95 11
2 467
2 558
1 736 8
1 612 6
1 253 3
2 546
2 159
1 560 10
1 58 6
3 813 818
2 876
2 935
3 894 904
3 597 861
1 843 4
3 142 422
2 767
2 489
1 23 11
2 581
2 258
1 298 9
1 148 3
2 131
2 132
2 101
1 233 14
3 51 184
3 971 996
1 588 7
2 109
3 869 911
3 610 771
1 222 10
2 676
1 524 9
1 618 12
2 560
3 907 952
1 455 8
3 23 809
1 445 1
2 20
3 19 281
1 778 11
2 945
3 282 785
1 176 14
2 275
1 146 4
1 371 1
2 699
1 548 2
3 569 589
1 973 11
3 221 627
1 23 6
2 881
3 86 664
2 542
1 472 7
3 733 964
3 999 999
1 619 2
3 44 185
2 458
1 656 2
2 930
3 992 995
3 79 931
3 52 74
1 804 12
2 243
2 570
2 904
1 135 14
1 71 6
1 904 15
2 62
3 414 972
2 477
1 81 9
3 140 690
3 671 745
2 751
3 846 953
2 598
3 612 809
1 498 8
2 272
3 375 961
3 142 187
2 379
3 967 994
3 733 781
1 435 2
2 647
1 118 12
1 298 6
2 712
3 31 160
2 515
2 657
2 52
2 271
3 405 542
2 426
3 135 151
1 795 6
2 888
2 879
3 972 979
3 890 976
2 478
3 213 528
2 511
1 609 15
3 346 715
1 336 8
2 375
2 269
1 175 12
2 946
1 411 4
3 675 831
1 331 14
2 536
1 436 13
3 849 874
1 216 11
3 937 959
2 270
3 996 997
1 738 10
1 129 6
2 826
2 499
2 856
2 290
3 829 964
2 531
2 860
1 279 2
1 913 7
2 509
3 340 423
3 991 992
2 84
1 587 10
2 726
3 661 720
2 334
3 129 376
2 847
2 453
3 114 560
2 218
2 201
3 568 913
1 805 12
3 854 949
1 868 3
3 532 790
3 710 764
1 974 10
2 995
3 413 630
2 98
3 540 931
2 397
1 18 5
2 666
3 991 992
3 796 826
3 619 736
1 816 7
1 638 15
1 673 5
3 578 905
1 380 1
3 895 1000
1 610 15
3 647 690
3 91 103
1 299 7
1 590 8
2 997
3 645 792
1 787 13
1 986 7
2 248
2 16
3 547 597
1 544 11
1 852 8
2 810
2 787
2 260
1 939 15
3 225 584
1 6 9
3 345 564
1 212 10
1 331 9
3 424 633
3 837 888
3 280 304
3 945 947
3 518 542
1 983 14
2 994
3 28 271
1 988 10
2 578
1 931 6
1 394 12
1 776 14
3 879 910
3 564 938
2 15
1 851 10
2 303
3 204 399
3 318 677
1 990 5
2 786
2 777
1 351 13
2 281
2 574
1 918 4
3 105 147
3 666 884
3 600 751
2 694
1 464 9
1 639 10
1 610 13
1 224 12
1 752 10
2 365
3 147 981
2 96
3 172 625
1 5 9
3 545 984
3 673 752
3 615 879
3 36 655
1 409 10
1 28 11
3 98 273
1 414 1
2 473
2 284
1 715 11
2 781
2 662
3 768 876
3 252 845
2 344
2 345
2 869
3 507 945
3 286 423
2 577
3 12 549
1 213 13
2 645
2 942
2 376
1 140 5
2 133
1 770 6
1 844 8
2 619
1 618 3
3 706 892
2 464
3 268 913
3 843 885
3 775 817
2 563
3 416 955
2 312
2 123
1 951 3
1 639 2
2 462
2 861
2 593
1 426 12
3 152 801
3 815 983
3 766 949
2 808
2 135
2 46
3 709 800
2 138
2 964
2 37
2 514
3 349 994
2 752
2 684
3 607 734
2 164
2 909
2 300
2 609
2 321
3 200 716
2 274
1 568 7
3 451 530
1 259 12
1 378 1
1 67 5
1 871 8
2 296
2 500
1 290 10
1 901 1
1 220 11
2 591
1 370 7
3 962 968
1 296 2
1 967 9
2 936
1 911 4
1 664 6
1 839 6
2 191
2 237
3 913 971
1 666 4
2 25
2 273
3 123 577
3 661 694
1 991 5
3 601 624
2 485
3 213 897
2 468
1 650 3
3 998 1000
2 43
2 771
3 995 996
1 291 4
3 580 740
3 503 658
3 393 949
3 125 955
3 863 898
3 400 891
3 166 601
2 835
1 519 1
2 616
3 631 658
2 887
2 993
3 190 237
2 493
3 967 997
2 898
2 801
2 740
1 319 1
1 755 2
1 990 15
1 916 14
2 693
3 908 922
3 409 459
3 319 667
1 885 4
3 980 999
2 959
2 793
2 723
2 44
3 930 962
1 330 14
2 357
1 341 7
2 891
3 191 609
2 339
2 877
1 126 14
2 788
1 646 4
2 779
2 582
2 54
2 760
3 22 430
1 482 8
3 201 284
2 972
3 966 981
2 217
3 433 733
1 779 10
2 370
1 368 12
1 487 7
2 823
1 381 3
3 235 958
3 990 991
3 979 998
1 731 10
2 641
1 609 12
3 391 840
3 160 749
2 383
1 943 7
3 300 860
2 242
3 36 687
2 703
1 376 5
1 355 9
3 561 743
2 865
2 80
2 648
2 677
3 592 744
1 176 1
1 29 5
2 864
1 152 10
2 85
2 518
3 448 958
2 67
2 553
3 429 976
1 875 4
1 705 10
1 147 3
2 124
1 405 4
2 973
2 925
3 249 541
3 6 150
1 250 2
3 685 795
3 864 956
2 968
1 631 15
2 741
2 698
3 164 595
3 304 682
2 798
2 249
3 480 576
2 452
2 173
1 104 14
1 992 4
1 979 1
2 530
2 821
1 459 8
2 548
1 707 9
3 354 553
1 365 5
2 976
3 384 702
2 918
1 673 10
2 664
3 221 723
1 471 3
2 184
2 889
3 98 247
2 475
3 705 758
2 543
2 554
3 82 569
2 770
3 26 568
1 274 5
1 853 10
1 761 9
2 302
2 268
3 837 937
3 375 958
2 921
3 56 75
3 47 462
2 292
3 997 1000
1 386 1
2 520
2 897
2 128
2 457
3 693 832
2 896
1 762 9
1 295 5
2 149
1 951 15
2 199
1 225 5
1 114 2
3 590 647
3 890 906
2 892
3 892 973
3 611 988
1 967 6
3 353 356
1 567 7
1 679 3
1 533 8
3 186 372
2 400
3 431 727
3 26 610
1 742 10
2 36
1 317 6
1 911 12
3 441 612
2 172
3 914 931
3 628 782
2 205
2 830
3 646 652
3 837 989
1 514 11
3 355 533
3 947 984
1 132 2
1 665 3
1 39 11
2 347
1 850 12
3 537 821
1 237 11
3 377 505
2 628
3 117 572
2 763
1 894 11
2 705
2 26
1 158 1
1 190 11
1 602 6
1 68 2
3 727 765
3 81 466
3 469 798
2 715
2 540
2 12
3 923 998
3 640 971
3 58 396
3 20 427
2 279
1 945 10
1 720 1
1 636 7
2 437
2 901
2 83
1 500 5
3 87 793
1 934 7
1 124 1
2 29
3 799 962
2 845
3 489 865
1 315 3
2 126
1 645 13
2 251
2 761
1 382 9
2 846
1 698 12
1 922 2
2 428
1 594 1
1 171 12
1 647 13
1 872 4
3 260 448
3 654 967
2 825
2 461
1 642 3
2 607
3 26 448
2 658
3 169 552
1 881 9
1 712 12
3 553 608
1 369 6
3 290 654
1 512 14
2 903
2 385
2 605
2 19
1 785 2
1 197 11
1 160 10
2 175
2 940
3 9 743
2 364
1 400 11
1 464 13
1 620 14
2 113
3 593 802
3 395 553
3 982 991
2 130
2 225
1 591 15
2 727
3 789 982
2 395
2 469
3 743 804
3 637 855
2 584
1 836 7
2 396
1 827 5
2 406
2 387
1 855 3
2 992
2 18
2 118
1 947 4
2 656
2 257
1 844 13
1 962 4
1 430 11
3 575 890
2 194
2 819
2 371
1 995 10
2 42
2 736
3 727 866
2 429
2 911
1 235 5
3 211 719
3 857 870
3 692 910
3 900 939
3 891 900
3 284 480
2 708
3 997 999
1 872 13
1 140 2
1 692 12
3 889 960
2 129
2 372
3 808 814
1 991 11
1 961 3
3 475 914
3 487 644
2 680
3 280 330
2 419
